-0.999968 0.000000 0.007938
-0.997127 -0.041515 -0.063363
-0.997127 0.041515 -0.063363
-0.996875 -0.040868 0.067602
-0.996875 0.040868 0.067602
-0.996863 -0.078753 0.007913
-0.996863 0.078753 0.007913
-0.991860 0.000000 0.127335
-0.990887 0.000000 -0.134695
-0.990715 -0.120269 -0.063401
-0.990715 0.120269 -0.063401
-0.990526 -0.119567 0.067543
-0.990526 0.119567 0.067543
-0.988558 -0.081522 0.126911
-0.988558 0.081522 0.126911
-0.987565 -0.157016 0.007839
-0.987565 0.157016 0.007839
-0.987489 -0.082747 -0.134233
-0.987489 0.082747 -0.134233
-0.981474 -0.040870 0.187183
-0.981474 0.040870 0.187183
-0.978843 -0.160297 0.127168
-0.978843 0.160297 0.127168
-0.977933 -0.199054 -0.063447
-0.977933 0.199054 -0.063447
-0.977868 -0.198066 0.067411
-0.977868 0.198066 0.067411
-0.977658 -0.041518 -0.206063
-0.977658 0.041518 -0.206063
-0.977598 -0.161741 -0.134690
-0.977598 0.161741 -0.134690
-0.975062 -0.121749 0.185556
-0.975062 0.121749 0.185556
-0.972133 -0.234304 0.007717
-0.972133 0.234304 0.007717
-0.971121 -0.123416 -0.204187
-0.971121 0.123416 -0.204187
-0.969154 0.000000 0.246457
-0.965974 -0.080935 0.245648
-0.965974 0.080935 0.245648
-0.962961 -0.238062 0.126623
-0.962961 0.238062 0.126623
-0.962060 -0.200189 0.185379
-0.962060 0.200189 0.185379
-0.961512 -0.239710 -0.134294
-0.961512 0.239710 -0.134294
-0.961026 0.000000 -0.276459
-0.959155 -0.274771 0.067249
-0.959155 0.274771 0.067249
-0.959112 -0.275793 -0.063574
-0.959112 0.275793 -0.063574
-0.957845 -0.202114 -0.204166
-0.957845 0.202114 -0.204166
-0.957798 -0.081897 -0.275530
-0.957798 0.081897 -0.275530
-0.956457 -0.161338 0.243228
-0.956457 0.161338 0.243228
-0.952585 -0.040834 0.301520
-0.952585 0.040834 0.301520
-0.950662 -0.310137 0.007546
-0.950662 0.310137 0.007546
-0.948134 -0.163243 -0.272750
-0.948134 0.163243 -0.272750
-0.946180 -0.121699 0.299889
-0.946180 0.121699 0.299889
-0.943120 -0.308740 -0.123308
-0.943120 0.308740 -0.123308
-0.942945 -0.267640 0.198049
-0.942945 0.267640 0.198049
-0.942593 -0.271599 -0.194298
-0.942593 0.271599 -0.194298
-0.942037 -0.305614 0.138439
-0.942037 0.305614 0.138439
-0.939059 -0.229004 0.256368
-0.939059 0.229004 0.256368
-0.938968 -0.041465 -0.341496
-0.938968 0.041465 -0.341496
-0.937523 -0.343987 -0.052193
-0.937523 0.343987 -0.052193
-0.936412 -0.341942 0.078792
-0.936412 0.341942 0.078792
-0.935964 -0.233289 -0.263720
-0.935964 0.233289 -0.263720
-0.934384 0.000000 0.356268
-0.932443 -0.123342 -0.339614
-0.932443 0.123342 -0.339614
-0.931278 -0.081464 0.355084
-0.931278 0.081464 0.355084
-0.930155 -0.187310 0.315796
-0.930155 0.187310 0.315796
-0.923511 -0.383494 0.007714
-0.923511 0.383494 0.007714
-0.922754 -0.192406 -0.333925
-0.922754 0.192406 -0.333925
-0.922343 -0.340235 -0.183092
-0.922343 0.340235 -0.183092
-0.919801 -0.376157 -0.111678
-0.919801 0.376157 -0.111678
-0.918986 -0.302137 -0.253335
-0.918986 0.302137 -0.253335
-0.918879 -0.334386 0.209398
-0.918879 0.334386 0.209398
-0.916916 -0.295512 0.268212
-0.916916 0.295512 0.268212
-0.916678 -0.147104 0.371567
-0.916678 0.147104 0.371567
-0.916271 -0.371596 0.149542
-0.916271 0.371596 0.149542
-0.913996 0.000000 -0.405723
-0.911825 -0.040832 0.408543
-0.911825 0.040832 0.408543
-0.910868 -0.082663 -0.404335
-0.910868 0.082663 -0.404335
-0.909722 -0.254453 0.328115
-0.909722 0.254453 0.328115
-0.908831 -0.262235 -0.324438
-0.908831 0.262235 -0.324438
-0.907672 -0.416439 -0.052060
-0.907672 0.416439 -0.052060
-0.906625 -0.414483 0.078961
-0.906625 0.414483 0.078961
-0.903907 -0.151983 -0.399817
-0.903907 0.151983 -0.399817
-0.898462 -0.105980 0.426069
-0.898462 0.105980 0.426069
-0.897683 -0.212039 0.386270
-0.897683 0.212039 0.386270
-0.897584 -0.406487 -0.170617
-0.897584 0.406487 -0.170617
-0.897288 -0.369433 -0.241649
-0.897288 0.369433 -0.241649
-0.892540 -0.220562 -0.393350
-0.892540 0.220562 -0.393350
-0.890710 -0.454505 0.007835
-0.890710 0.454505 0.007835
-0.890367 -0.398913 0.219351
-0.890367 0.398913 0.219351
-0.890138 -0.360527 0.278701
-0.890138 0.360527 0.278701
-0.889867 -0.331361 -0.313587
-0.889867 0.331361 -0.313587
-0.887916 0.000000 0.460006
-0.887086 -0.447820 -0.111967
-0.887086 0.447820 -0.111967
-0.884350 -0.320844 0.339092
-0.884350 0.320844 0.339092
-0.883587 -0.443529 0.150184
-0.883587 0.443529 0.150184
-0.883547 -0.041462 -0.466504
-0.883547 0.041462 -0.466504
-0.880836 -0.171337 0.441328
-0.880836 0.171337 0.441328
-0.879033 -0.110602 -0.463754
-0.879033 0.110602 -0.463754
-0.876565 -0.290449 -0.383763
-0.876565 0.290449 -0.383763
-0.875825 -0.065045 0.478225
-0.875825 0.065045 0.478225
-0.874009 -0.278746 0.398005
-0.874009 0.278746 0.398005
-0.871956 -0.486815 -0.051993
-0.871956 0.486815 -0.051993
-0.870981 -0.434832 -0.228722
-0.870981 0.434832 -0.228722
-0.870842 -0.485155 0.079115
-0.870842 0.485155 0.079115
-0.870312 -0.179832 -0.458494
-0.870312 0.179832 -0.458494
-0.866375 -0.398150 -0.301448
-0.866375 0.398150 -0.301448
-0.862180 -0.477017 -0.170588
-0.862180 0.477017 -0.170588
-0.859610 -0.129783 0.494192
-0.859610 0.129783 0.494192
-0.859257 -0.235363 0.454182
-0.859257 0.235363 0.454182
-0.858862 -0.423720 0.287781
-0.858862 0.423720 0.287781
-0.857653 -0.247562 -0.450716
-0.857653 0.247562 -0.450716
-0.856003 -0.358818 -0.372167
-0.856003 0.358818 -0.372167
-0.855027 -0.469802 0.219580
-0.855027 0.469802 0.219580
-0.854585 -0.384876 0.348648
-0.854585 0.384876 0.348648
-0.854452 0.000000 0.519531
-0.852458 -0.522735 0.007907
-0.852458 0.522735 0.007907
-0.850651 0.000000 -0.525731
-0.848865 -0.516704 -0.111562
-0.848865 0.516704 -0.111562
-0.848615 -0.069142 -0.524473
-0.848615 0.069142 -0.524473
-0.845837 -0.344017 0.407692
-0.845837 0.344017 0.407692
-0.845387 -0.512693 0.149888
-0.845387 0.512693 0.149888
-0.842518 -0.137952 -0.520705
-0.842518 0.137952 -0.520705
-0.840987 -0.065099 0.537124
-0.840987 0.065099 0.537124
-0.840121 -0.461051 -0.285709
-0.840121 0.461051 -0.285709
-0.839934 -0.317097 -0.440410
-0.839934 0.317097 -0.440410
-0.839348 -0.193910 0.507833
-0.839348 0.193910 0.507833
-0.832663 -0.301359 0.464602
-0.832663 0.301359 0.464602
-0.832607 -0.422947 -0.357605
-0.832607 0.422947 -0.357605
-0.832388 -0.206103 -0.514444
-0.832388 0.206103 -0.514444
-0.831678 -0.504942 -0.230964
-0.831678 0.504942 -0.230964
-0.831104 -0.553685 -0.051951
-0.831104 0.553685 -0.051951
-0.830007 -0.552104 0.079179
-0.830007 0.552104 0.079179
-0.823178 -0.130300 0.552630
-0.823178 0.130300 0.552630
-0.821954 0.445862 0.354400
-0.821954 -0.445862 0.354400
-0.820118 -0.545701 -0.172096
-0.820118 0.545701 -0.172096
-0.819230 -0.382036 -0.427680
-0.819230 0.382036 -0.427680
-0.819066 -0.494614 0.290669
-0.819066 0.494614 0.290669
-0.818274 -0.273267 -0.505721
-0.818274 0.273267 -0.505721
-0.817003 0.000000 0.576633
-0.815133 -0.257125 0.519081
-0.815133 0.257125 0.519081
-0.814810 -0.405581 0.414234
-0.814810 0.405581 0.414234
-0.812941 -0.041248 -0.580884
-0.812941 0.041248 -0.580884
-0.812432 -0.539332 0.221529
-0.812432 0.539332 0.221529
-0.808992 -0.587767 0.007932
-0.808992 0.587767 0.007932
-0.808475 -0.110385 -0.578086
-0.808475 0.110385 -0.578086
-0.805154 -0.485016 -0.341300
-0.805154 0.485016 -0.341300
-0.803933 -0.584092 -0.111929
-0.803933 0.584092 -0.111929
-0.803139 -0.362980 0.472455
-0.803139 0.362980 0.472455
-0.801842 -0.065256 0.593962
-0.801842 0.065256 0.593962
-0.801510 -0.194273 0.565544
-0.801510 0.194273 0.565544
-0.800243 -0.339123 -0.494577
-0.800243 0.339123 -0.494577
-0.799883 -0.179596 -0.572653
-0.799883 0.179596 -0.572653
-0.799815 -0.581100 0.150396
-0.799815 0.581100 0.150396
-0.798061 -0.529720 -0.287221
-0.798061 0.529720 -0.287221
-0.794446 -0.445688 -0.412574
-0.794446 0.445688 -0.412574
-0.787279 0.247326 -0.564819
-0.787279 -0.247326 -0.564819
-0.787079 -0.319128 0.527886
-0.787079 0.319128 0.527886
-0.786999 -0.571788 -0.231713
-0.786999 0.571788 -0.231713
-0.783411 -0.619329 -0.051951
-0.783411 0.619329 -0.051951
-0.782841 -0.130199 0.608447
-0.782841 0.130199 0.608447
-0.781569 -0.618774 0.079179
-0.781569 0.618774 0.079179
-0.779875 -0.465199 0.418790
-0.779875 0.465199 0.418790
-0.779362 -0.515370 0.356355
-0.779362 0.515370 0.356355
-0.778382 -0.403355 -0.481067
-0.778382 0.403355 -0.481067
-0.775745 0.000000 0.631046
-0.774505 0.259746 0.576779
-0.774505 -0.259746 0.576779
-0.773849 -0.562234 0.291634
-0.773849 0.562234 0.291634
-0.772836 0.000000 -0.634605
-0.772423 -0.611348 -0.172096
-0.772423 0.611348 -0.172096
-0.770218 -0.082242 -0.632456
-0.770218 0.082242 -0.632456
-0.770163 -0.316778 -0.553625
-0.770163 0.316778 -0.553625
-0.769644 -0.423540 0.477768
-0.769644 0.423540 0.477768
-0.766253 -0.506612 -0.395222
-0.766253 0.506612 -0.395222
-0.763991 -0.606006 0.221529
-0.763991 0.606006 0.221529
-0.763093 -0.151549 -0.628269
-0.763093 0.151549 -0.628269
-0.760575 -0.649202 0.007907
-0.760575 0.649202 0.007907
-0.760109 -0.552252 -0.342421
-0.760109 0.552252 -0.342421
-0.759245 -0.065305 0.647520
-0.759245 0.065305 0.647520
-0.758369 -0.196138 0.621615
-0.758369 0.196138 0.621615
-0.755319 -0.379629 0.534205
-0.755319 0.379629 0.534205
-0.753728 -0.647648 -0.111562
-0.753728 0.647648 -0.111562
-0.752796 -0.465658 -0.465254
-0.752796 0.465658 -0.465254
-0.752250 -0.220117 -0.621023
-0.752250 0.220117 -0.621023
-0.750408 -0.595309 -0.287221
-0.750408 0.595309 -0.287221
-0.749539 -0.381722 -0.540814
-0.749539 0.381722 -0.540814
-0.748839 -0.645580 0.149888
-0.748839 0.645580 0.149888
-0.744922 -0.321323 0.584673
-0.744922 0.321323 0.584673
-0.737231 -0.634937 -0.230964
-0.737231 0.634937 -0.230964
-0.737052 -0.131046 0.663009
-0.737052 0.131046 0.663009
-0.736569 -0.289929 -0.611070
-0.736569 0.289929 -0.611070
-0.734125 -0.533373 0.420206
-0.734125 0.533373 0.420206
-0.732891 -0.481609 0.480545
-0.732891 0.481609 0.480545
-0.732438 -0.678845 -0.051993
-0.732438 0.678845 -0.051993
-0.730982 -0.581959 0.356355
-0.730982 0.581959 0.356355
-0.730870 0.000000 0.682517
-0.730515 -0.678298 0.079115
-0.730515 0.678298 0.079115
-0.730015 -0.261072 0.631601
-0.730015 0.261072 0.631601
-0.727322 -0.041251 -0.685056
-0.727322 0.041251 -0.685056
-0.724967 -0.445365 -0.525427
-0.724967 0.445365 -0.525427
-0.723607 -0.525731 -0.447214
-0.723607 0.525731 -0.447214
-0.723511 -0.626134 0.290669
-0.723511 0.626134 0.290669
-0.722747 -0.122729 -0.680128
-0.722747 0.122729 -0.680128
-0.720098 -0.672576 -0.170588
-0.720098 0.672576 -0.170588
-0.720003 -0.438342 0.538008
-0.720003 0.438342 0.538008
-0.718602 -0.572198 -0.395222
-0.718602 0.572198 -0.395222
-0.717045 -0.358229 -0.597928
-0.717045 0.358229 -0.597928
-0.713363 -0.191780 -0.674042
-0.713363 0.191780 -0.674042
-0.711334 -0.381762 0.590137
-0.711334 0.381762 0.590137
-0.711038 0.196778 0.675058
-0.711038 -0.196778 0.675058
-0.711026 -0.668002 0.219580
-0.711026 0.668002 0.219580
-0.710985 -0.065780 0.700123
-0.710985 0.065780 0.700123
-0.710084 -0.615869 -0.341300
-0.710084 0.615869 -0.341300
-0.707504 -0.706665 0.007835
-0.707504 0.706665 0.007835
-0.700026 -0.705285 -0.111967
-0.700026 0.705285 -0.111967
-0.698712 -0.261550 -0.665877
-0.698712 0.261550 -0.665877
-0.698552 0.322289 0.638870
-0.698552 -0.322289 0.638870
-0.698097 -0.656530 -0.285709
-0.698097 0.656530 -0.285709
-0.696859 -0.506298 -0.507985
-0.696859 0.506298 -0.507985
-0.694865 -0.703283 0.150184
-0.694865 0.703283 0.150184
-0.693600 -0.422364 -0.583548
-0.693600 0.422364 -0.583548
-0.687523 -0.131229 0.714207
-0.687523 0.131229 0.714207
-0.684513 -0.548195 0.480545
-0.684513 0.548195 0.480545
-0.683425 -0.597951 0.418790
-0.683425 0.597951 0.418790
-0.682697 -0.693982 -0.228722
-0.682697 0.693982 -0.228722
-0.682587 0.000000 0.730805
-0.681884 -0.261097 0.683273
-0.681884 0.261097 0.683273
-0.681296 -0.494991 0.539277
-0.681296 0.494991 0.539277
-0.680582 -0.330607 -0.653840
-0.680582 0.330607 -0.653840
-0.679852 0.000000 -0.733349
-0.678037 -0.643946 0.354400
-0.678037 0.643946 0.354400
-0.677590 -0.081501 -0.730910
-0.677590 0.081501 -0.730910
-0.676543 -0.734560 -0.052060
-0.676543 0.734560 -0.052060
-0.675494 -0.572056 -0.465254
-0.675494 0.572056 -0.465254
-0.674534 -0.439789 0.592949
-0.674534 0.439789 0.592949
-0.674360 -0.734169 0.078961
-0.674360 0.734169 0.078961
-0.670820 0.162460 -0.723607
-0.670820 -0.162460 -0.723607
-0.669372 -0.617838 -0.412574
-0.669372 0.617838 -0.412574
-0.668385 -0.685889 0.287781
-0.668385 0.685889 0.287781
-0.666777 -0.484442 -0.566326
-0.666777 0.484442 -0.566326
-0.663961 -0.728042 -0.170617
-0.663961 0.728042 -0.170617
-0.663743 -0.381961 0.643079
-0.663743 0.381961 0.643079
-0.661323 -0.065814 0.747208
-0.661323 0.065814 0.747208
-0.660600 -0.196017 0.724696
-0.660600 0.196017 0.724696
-0.659537 -0.661158 -0.357605
-0.659537 0.661158 -0.357605
-0.659264 -0.397351 -0.638344
-0.659264 0.397351 -0.638344
-0.657379 -0.232455 -0.716811
-0.657379 0.232455 -0.716811
-0.654527 -0.723519 0.219351
-0.654527 0.723519 0.219351
-0.650105 -0.759805 0.007714
-0.650105 0.759805 0.007714
-0.648986 -0.321852 0.689368
-0.648986 0.321852 0.689368
-0.647594 -0.551859 -0.525427
-0.647594 0.551859 -0.525427
-0.646388 -0.700937 -0.301448
-0.646388 0.700937 -0.301448
-0.641980 -0.758544 -0.111678
-0.641980 0.758544 -0.111678
-0.640644 -0.601094 0.477768
-0.640644 0.601094 0.477768
-0.640567 -0.301259 -0.706340
-0.640567 0.301259 -0.706340
-0.639381 -0.549308 0.538008
-0.639381 0.549308 0.538008
-0.637520 -0.649599 0.414234
-0.637520 0.649599 0.414234
-0.636552 -0.756596 0.149542
-0.636552 0.756596 0.149542
-0.636233 -0.131666 0.760179
-0.636233 0.131666 0.760179
-0.633503 -0.460267 -0.621956
-0.633503 0.460267 -0.621956
-0.631120 0.000000 0.775685
-0.630353 -0.259819 0.731539
-0.630353 0.259819 0.731539
-0.630120 -0.693825 0.348648
-0.630120 0.693825 0.348648
-0.628629 -0.739210 -0.241649
-0.628629 0.739210 -0.241649
-0.626707 -0.505618 0.592949
-0.626707 0.505618 0.592949
-0.625320 -0.041302 -0.779274
-0.625320 0.041302 -0.779274
-0.624147 -0.615642 -0.481067
-0.624147 0.615642 -0.481067
-0.620747 0.122800 -0.774334
-0.620747 -0.122800 -0.774334
-0.620472 -0.368518 -0.692249
-0.620472 0.368518 -0.692249
-0.618096 -0.449073 0.645206
-0.618096 0.449073 0.645206
-0.617950 -0.735163 0.278701
-0.617950 0.735163 0.278701
-0.616862 -0.785339 -0.052193
-0.616862 0.785339 -0.052193
-0.616494 -0.661078 -0.427680
-0.616494 0.661078 -0.427680
-0.616026 -0.529135 -0.583548
-0.616026 0.529135 -0.583548
-0.614758 -0.201189 -0.762625
-0.614758 0.201189 -0.762625
-0.614573 -0.784915 0.078792
-0.614573 0.784915 0.078792
-0.608602 -0.772062 -0.183092
-0.608602 0.772062 -0.183092
-0.608077 -0.065908 0.791137
-0.608077 0.065908 0.791137
-0.607955 -0.196235 0.769339
-0.607955 0.196235 0.769339
-0.605775 -0.703227 -0.372167
-0.605775 0.703227 -0.372167
-0.605288 -0.389476 0.694215
-0.605288 0.389476 0.694215
-0.601969 -0.770575 0.209398
-0.601969 0.770575 0.209398
-0.599196 -0.270627 -0.753476
-0.599196 0.270627 -0.753476
-0.597196 -0.433889 -0.674609
-0.597196 0.433889 -0.674609
-0.594659 -0.594895 -0.540814
-0.594659 0.594895 -0.540814
-0.594455 -0.601040 0.534205
-0.594455 0.601040 0.534205
-0.593398 -0.651663 0.472455
-0.593398 0.651663 0.472455
-0.590127 -0.743918 -0.313587
-0.590127 0.743918 -0.313587
-0.588728 -0.808296 0.007546
-0.588728 0.808296 0.007546
-0.588657 -0.328283 0.738724
-0.588657 0.328283 0.738724
-0.588558 -0.698131 0.407692
-0.588558 0.698131 0.407692
-0.585069 -0.801554 -0.123308
-0.585069 0.801554 -0.123308
-0.582892 -0.558547 0.590137
-0.582892 0.558547 0.590137
-0.581925 -0.131478 0.802544
-0.581925 0.131478 0.802544
-0.581762 -0.801491 0.138439
-0.581762 0.801491 0.138439
-0.581627 -0.504209 -0.638344
-0.581627 0.504209 -0.638344
-0.580195 -0.339209 -0.740480
-0.580195 0.339209 -0.740480
-0.578420 -0.741921 0.339092
-0.578420 0.741921 0.339092
-0.576711 0.000000 0.816948
-0.571331 -0.780642 -0.253335
-0.571331 0.780642 -0.253335
-0.569813 -0.656282 -0.494577
-0.569813 0.656282 -0.494577
-0.568473 0.000000 -0.822702
-0.568375 -0.513224 0.643079
-0.568375 0.513224 0.643079
-0.567091 -0.262270 0.780783
-0.567091 0.262270 0.780783
-0.566543 0.082324 -0.819909
-0.566543 -0.082324 -0.819909
-0.564391 -0.780721 0.268212
-0.564391 0.780721 0.268212
-0.562492 -0.161006 -0.810974
-0.562492 0.161006 -0.810974
-0.562275 -0.571252 -0.597928
-0.562275 0.571252 -0.597928
-0.561131 -0.700836 -0.440410
-0.561131 0.700836 -0.440410
-0.558677 -0.826945 -0.063574
-0.558677 0.826945 -0.063574
-0.558032 -0.405434 -0.724033
-0.558032 0.405434 -0.724033
-0.557718 -0.827302 0.067249
-0.557718 0.827302 0.067249
-0.557458 -0.455308 0.694215
-0.557458 0.455308 0.694215
-0.554905 -0.238677 -0.796940
-0.554905 0.238677 -0.796940
-0.552419 -0.065936 0.830955
-0.552419 0.065936 0.830955
-0.549583 -0.812531 -0.194298
-0.549583 0.812531 -0.194298
-0.547107 -0.743909 -0.383763
-0.547107 0.743909 -0.383763
-0.546730 -0.649941 0.527886
-0.546730 0.649941 0.527886
-0.545927 -0.814089 0.198049
-0.545927 0.814089 0.198049
-0.543917 -0.698784 0.464602
-0.543917 0.698784 0.464602
-0.543148 -0.394620 0.741124
-0.543148 0.394620 0.741124
-0.542717 -0.197862 0.816278
-0.542717 0.197862 0.816278
-0.542218 -0.476226 -0.692249
-0.542218 0.476226 -0.692249
-0.539267 -0.634579 -0.553625
-0.539267 0.634579 -0.553625
-0.536950 -0.307659 -0.785513
-0.536950 0.307659 -0.785513
-0.535790 -0.609169 0.584673
-0.535790 0.609169 0.584673
-0.535187 -0.745095 0.398005
-0.535187 0.745095 0.398005
-0.530244 -0.783314 -0.324438
-0.530244 0.783314 -0.324438
-0.525101 -0.840377 -0.134294
-0.525101 0.840377 -0.134294
-0.524737 -0.545109 -0.653840
-0.524737 0.545109 -0.653840
-0.523981 -0.842265 0.126623
-0.523981 0.842265 0.126623
-0.523381 -0.329909 0.785642
-0.523381 0.329909 0.785642
-0.523242 -0.852149 0.007717
-0.523242 0.852149 0.007717
-0.523119 -0.786567 0.328115
-0.523119 0.786567 0.328115
-0.522379 -0.564769 0.638870
-0.522379 0.564769 0.638870
-0.519612 0.000000 0.854402
-0.516196 -0.375039 -0.769992
-0.516196 0.375039 -0.769992
-0.514505 -0.131832 0.847292
-0.514505 0.131832 0.847292
-0.512752 -0.693780 -0.505721
-0.512752 0.693780 -0.505721
-0.511100 -0.818064 -0.263720
-0.511100 0.818064 -0.263720
-0.508570 -0.041299 -0.860029
-0.508570 0.041299 -0.860029
-0.507981 -0.822333 0.256368
-0.507981 0.822333 0.256368
-0.506647 -0.517765 0.689368
-0.506647 0.517765 0.689368
-0.505715 0.119755 -0.854348
-0.505715 -0.119755 -0.854348
-0.503352 -0.610926 -0.611070
-0.503352 0.610926 -0.611070
-0.501897 -0.446977 -0.740480
-0.501897 0.446977 -0.740480
-0.500475 -0.739175 -0.450716
-0.500475 0.739175 -0.450716
-0.500180 -0.263033 0.825005
-0.500180 0.263033 0.825005
-0.500000 -0.198227 -0.843034
-0.500000 0.198227 -0.843034
-0.496430 -0.695781 0.519081
-0.496430 0.695781 0.519081
-0.494121 -0.458401 0.738724
-0.494121 0.458401 0.738724
-0.491631 -0.274694 -0.826343
-0.491631 0.274694 -0.826343
-0.491509 -0.868558 -0.063447
-0.491509 0.868558 -0.063447
-0.490550 -0.868802 0.067411
-0.490550 0.868802 0.067411
-0.489368 -0.744471 0.454182
-0.489368 0.744471 0.454182
-0.488212 -0.848508 -0.204166
-0.488212 0.848508 -0.204166
-0.487684 -0.853111 0.185379
-0.487684 0.853111 0.185379
-0.486368 -0.656332 0.576779
-0.486368 0.656332 0.576779
-0.485577 -0.780699 -0.393350
-0.485577 0.780699 -0.393350
-0.484460 -0.516122 -0.706340
-0.484460 0.516122 -0.706340
-0.483118 -0.065860 0.873075
-0.483118 0.065860 0.873075
-0.479061 -0.788223 0.386270
-0.479061 0.788223 0.386270
-0.478503 -0.672319 -0.564819
-0.478503 0.672319 -0.564819
-0.475495 -0.395817 0.785642
-0.475495 0.395817 0.785642
-0.473881 -0.613609 0.631601
-0.473881 0.613609 0.631601
-0.473390 0.197780 0.858362
-0.473390 -0.197780 0.858362
-0.471890 -0.342848 -0.812265
-0.471890 0.342848 -0.812265
-0.468136 -0.818134 -0.333925
-0.468136 0.818134 -0.333925
-0.465576 -0.826748 0.315796
-0.465576 0.826748 0.315796
-0.464663 -0.583691 -0.665877
-0.464663 0.583691 -0.665877
-0.460091 0.000000 0.887872
-0.459032 -0.567827 0.683273
-0.459032 0.567827 0.683273
-0.458528 -0.415597 -0.785513
-0.458528 0.415597 -0.785513
-0.455919 -0.879770 -0.134690
-0.455919 0.879770 -0.134690
-0.454930 -0.881400 0.127168
-0.454930 0.881400 0.127168
-0.454505 -0.890709 0.007839
-0.454505 0.890709 0.007839
-0.453951 0.329815 0.827738
-0.453951 -0.329815 0.827738
-0.453237 -0.727958 -0.514444
-0.453237 0.727958 -0.514444
-0.449003 -0.859789 0.243228
-0.449003 0.859789 0.243228
-0.448243 -0.851285 -0.272750
-0.448243 0.851285 -0.272750
-0.447214 0.000000 -0.894427
-0.445835 -0.078459 -0.891670
-0.445835 0.078459 -0.891670
-0.443793 -0.738346 0.507833
-0.443793 0.738346 0.507833
-0.443717 -0.131323 0.886493
-0.443717 0.131323 0.886493
-0.442543 -0.486240 -0.753476
-0.442543 0.486240 -0.753476
-0.441893 -0.519213 0.731539
-0.441893 0.519213 0.731539
-0.441802 -0.647412 -0.621023
-0.441802 0.647412 -0.621023
-0.441708 -0.156434 -0.883415
-0.441708 0.156434 -0.883415
-0.439972 -0.772145 -0.458494
-0.439972 0.772145 -0.458494
-0.435145 -0.784779 0.441328
-0.435145 0.784779 0.441328
-0.434857 -0.233445 -0.869714
-0.434857 0.233445 -0.869714
-0.432445 -0.702247 0.565544
-0.432445 0.702247 0.565544
-0.430052 0.262104 0.863920
-0.430052 -0.262104 0.863920
-0.425325 -0.309017 -0.850651
-0.425325 0.309017 -0.850651
-0.424674 -0.458290 0.780783
-0.424674 0.458290 0.780783
-0.424219 -0.553372 -0.716811
-0.424219 0.553372 -0.716811
-0.423867 -0.812701 -0.399817
-0.423867 0.812701 -0.399817
-0.423174 -0.826354 0.371567
-0.423174 0.826354 0.371567
-0.422140 -0.065828 0.904138
-0.422140 0.065828 0.904138
-0.420887 -0.660642 0.621615
-0.420887 0.660642 0.621615
-0.420530 -0.905061 -0.063401
-0.420530 0.905061 -0.063401
-0.419804 -0.905098 0.067543
-0.419804 0.905098 0.067543
-0.417983 -0.705236 -0.572653
-0.417983 0.705236 -0.572653
-0.417468 -0.885453 -0.204187
-0.417468 0.885453 -0.204187
-0.417101 -0.889717 0.185556
-0.417101 0.889717 0.185556
-0.413171 -0.382683 -0.826343
-0.413171 0.382683 -0.826343
-0.408128 -0.862264 0.299889
-0.408128 0.862264 0.299889
-0.406870 -0.615429 0.675058
-0.406870 0.615429 0.675058
-0.405446 -0.848691 -0.339614
-0.405446 0.848691 -0.339614
-0.404724 -0.394418 0.825005
-0.404724 0.394418 0.825005
-0.402835 -0.619186 -0.674042
-0.402835 0.619186 -0.674042
-0.401645 -0.195996 0.894576
-0.401645 0.195996 0.894576
-0.398470 -0.453990 -0.796940
-0.398470 0.453990 -0.796940
-0.398424 0.000000 0.917201
-0.393416 -0.040675 -0.918460
-0.393416 0.040675 -0.918460
-0.391553 -0.758652 -0.520705
-0.391553 0.758652 -0.520705
-0.390606 -0.119078 -0.912824
-0.390606 0.119078 -0.912824
-0.390560 -0.567696 0.724696
-0.390560 0.567696 0.724696
-0.389065 -0.777433 0.494192
-0.389065 0.777433 0.494192
-0.385018 -0.197274 -0.901579
-0.385018 0.197274 -0.901579
-0.383848 -0.913587 -0.134233
-0.383848 0.913587 -0.134233
-0.383014 -0.914983 0.126911
-0.383014 0.914983 0.126911
-0.382946 -0.923737 0.007913
-0.382946 0.923737 0.007913
-0.382169 -0.328009 0.863920
-0.382169 0.328009 0.863920
-0.381312 -0.522499 -0.762625
-0.381312 0.522499 -0.762625
-0.381081 -0.131498 0.915142
-0.381081 0.131498 0.915142
-0.379940 -0.678913 -0.628269
-0.379940 0.678913 -0.628269
-0.378433 -0.821738 0.426069
-0.378433 0.821738 0.426069
-0.378299 -0.742624 0.552630
-0.378299 0.742624 0.552630
-0.376825 -0.801832 -0.463754
-0.376825 0.801832 -0.463754
-0.376725 -0.273707 -0.884965
-0.376725 0.273707 -0.884965
-0.375476 -0.893686 0.245648
-0.375476 0.893686 0.245648
-0.374499 -0.517560 0.769339
-0.374499 0.517560 0.769339
-0.373864 -0.885612 -0.275530
-0.373864 0.885612 -0.275530
-0.365738 -0.704293 0.608447
-0.365738 0.704293 0.608447
-0.365258 -0.860524 0.355084
-0.365258 0.860524 0.355084
-0.361803 -0.587785 -0.723607
-0.361803 0.587785 -0.723607
-0.360091 -0.840743 -0.404335
-0.360091 0.840743 -0.404335
-0.358625 -0.065725 0.931165
-0.358625 0.065725 0.931165
-0.357156 -0.259489 0.897276
-0.357156 0.259489 0.897276
-0.356398 -0.341435 -0.869714
-0.356398 0.341435 -0.869714
-0.355887 -0.455011 0.816278
-0.355887 0.455011 0.816278
-0.354815 -0.734794 -0.578086
-0.354815 0.734794 -0.578086
-0.352394 -0.660483 0.663009
-0.352394 0.660483 0.663009
-0.347612 -0.935495 -0.063363
-0.347612 0.935495 -0.063363
-0.346919 -0.935456 0.067602
-0.346919 0.935456 0.067602
-0.343034 -0.414273 -0.843034
-0.343034 0.414273 -0.843034
-0.342162 -0.920808 0.187183
-0.342162 0.920808 0.187183
-0.341599 -0.916978 -0.206063
-0.341599 0.916978 -0.206063
-0.340064 -0.649448 -0.680128
-0.340064 0.649448 -0.680128
-0.338719 0.000000 -0.940888
-0.337739 -0.195758 0.920658
-0.337739 0.195758 0.920658
-0.337602 -0.081142 -0.937785
-0.337602 0.081142 -0.937785
-0.337262 -0.613321 0.714207
-0.337262 0.613321 0.714207
-0.334899 0.000000 0.942254
-0.334385 -0.389103 0.858362
-0.334385 0.389103 0.858362
-0.333200 -0.893344 0.301520
-0.333200 0.893344 0.301520
-0.333003 -0.159613 -0.929319
-0.333003 0.159613 -0.929319
-0.332506 -0.812859 0.478225
-0.332506 0.812859 0.478225
-0.329593 -0.880199 -0.341496
-0.329593 0.880199 -0.341496
-0.327994 -0.785715 -0.524473
-0.327994 0.785715 -0.524473
-0.326946 -0.485208 -0.810974
-0.326946 0.485208 -0.810974
-0.326321 -0.237086 -0.915043
-0.326321 0.237086 -0.915043
-0.321828 -0.564407 0.760179
-0.321828 0.564407 0.760179
-0.321792 -0.779710 0.537124
-0.321792 0.779710 0.537124
-0.320603 -0.854580 0.408543
-0.320603 0.854580 0.408543
-0.316638 -0.131050 0.939450
-0.316638 0.131050 0.939450
-0.316228 -0.707107 -0.632456
-0.316228 0.707107 -0.632456
-0.312464 -0.827490 -0.466504
-0.312464 0.827490 -0.466504
-0.310518 -0.321421 0.894576
-0.310518 0.321421 0.894576
-0.309845 -0.742432 0.593962
-0.309845 0.742432 0.593962
-0.309007 -0.951027 0.007938
-0.309007 0.951027 0.007938
-0.308611 -0.552418 -0.774334
-0.308611 0.552418 -0.774334
-0.306596 -0.305212 -0.901579
-0.306596 0.305212 -0.901579
-0.306502 -0.943315 0.127335
-0.306502 0.943315 0.127335
-0.306201 -0.942390 -0.134695
-0.306201 0.942390 -0.134695
-0.304868 -0.512814 0.802544
-0.304868 0.512814 0.802544
-0.299485 -0.921720 0.246457
-0.299485 0.921720 0.246457
-0.296973 -0.913990 -0.276459
-0.296973 0.913990 -0.276459
-0.296728 -0.701905 0.647520
-0.296728 0.701905 0.647520
-0.293958 -0.065689 0.953558
-0.293958 0.065689 0.953558
-0.290544 -0.260717 0.920658
-0.290544 0.260717 0.920658
-0.290442 -0.760406 -0.580884
-0.290442 0.760406 -0.580884
-0.288741 -0.888652 0.356268
-0.288741 0.888652 0.356268
-0.286899 -0.619242 -0.730910
-0.286899 0.619242 -0.730910
-0.285273 -0.371748 -0.883415
-0.285273 0.371748 -0.883415
-0.284371 -0.448585 0.847292
-0.284371 0.448585 0.847292
-0.282440 -0.869262 -0.405723
-0.282440 0.869262 -0.405723
-0.282267 -0.655860 0.700123
-0.282267 0.655860 0.700123
-0.281528 -0.040677 -0.958690
-0.281528 0.040677 -0.958690
-0.280058 -0.121193 -0.952303
-0.280058 0.121193 -0.952303
-0.274381 -0.844458 0.460006
-0.274381 0.844458 0.460006
-0.274356 -0.199331 -0.940742
-0.274356 0.199331 -0.940742
-0.270429 -0.196478 0.942478
-0.270429 0.196478 0.942478
-0.270169 -0.443957 -0.854348
-0.270169 0.443957 -0.854348
-0.269813 0.000000 0.962913
-0.269183 -0.960713 0.067602
-0.269183 0.960713 0.067602
-0.268646 -0.961153 -0.063363
-0.268646 0.961153 -0.063363
-0.266953 -0.608619 0.747208
-0.266953 0.608619 0.747208
-0.264422 -0.946067 0.187183
-0.264422 0.946067 0.187183
-0.264040 -0.812632 0.519531
-0.264040 0.812632 0.519531
-0.263987 -0.678977 -0.685056
-0.263987 0.678977 -0.685056
-0.262866 -0.809017 -0.525731
-0.262866 0.809017 -0.525731
-0.262627 -0.942637 -0.206063
-0.262627 0.942637 -0.206063
-0.262012 -0.381419 0.886493
-0.262012 0.381419 0.886493
-0.255530 -0.918580 0.301520
-0.255530 0.918580 0.301520
-0.254704 -0.267381 -0.929319
-0.254704 0.267381 -0.929319
-0.253366 -0.513375 -0.819909
-0.253366 0.513375 -0.819909
-0.252468 -0.777016 0.576633
-0.252468 0.777016 0.576633
-0.250722 -0.905825 -0.341496
-0.250722 0.905825 -0.341496
-0.250588 -0.557949 0.791137
-0.250588 0.557949 0.791137
-0.248378 -0.130831 0.959787
-0.248378 0.130831 0.959787
-0.242936 -0.879815 0.408543
-0.242936 0.879815 0.408543
-0.242823 -0.321795 0.915142
-0.242823 0.321795 0.915142
-0.239719 -0.737778 0.631046
-0.239719 0.737778 0.631046
-0.238820 -0.735011 -0.634605
-0.238820 0.735011 -0.634605
-0.233954 -0.334692 -0.912824
-0.233954 0.334692 -0.912824
-0.233598 -0.853115 -0.466504
-0.233598 0.853115 -0.466504
-0.233416 -0.505006 0.830955
-0.233416 0.505006 0.830955
-0.233149 -0.972409 0.007913
-0.233149 0.972409 0.007913
-0.232515 -0.581952 -0.779274
-0.232515 0.581952 -0.779274
-0.227949 -0.965367 0.126911
-0.227949 0.965367 0.126911
-0.226453 -0.964728 -0.134233
-0.226453 0.964728 -0.134233
-0.225851 -0.695099 0.682517
-0.225851 0.695099 0.682517
-0.225049 -0.065181 0.972165
-0.225049 0.065181 0.972165
-0.223985 0.000000 -0.974592
-0.223257 -0.080573 -0.971424
-0.223257 0.080573 -0.971424
-0.222482 -0.260644 0.939450
-0.222482 0.260644 0.939450
-0.221529 -0.943706 0.245648
-0.221529 0.943706 0.245648
-0.221077 -0.160622 -0.961938
-0.221077 0.160622 -0.961938
-0.218087 -0.936227 -0.275530
-0.218087 0.936227 -0.275530
-0.212390 -0.399769 -0.891670
-0.212390 0.399769 -0.891670
-0.211983 -0.785899 -0.580884
-0.211983 0.785899 -0.580884
-0.211928 -0.439121 0.873075
-0.211928 0.439121 0.873075
-0.210931 -0.649178 0.730805
-0.210931 0.649178 0.730805
-0.210304 -0.910872 0.355084
-0.210304 0.910872 0.355084
-0.210086 -0.646578 -0.733349
-0.210086 0.646578 -0.733349
-0.208784 -0.853059 0.478225
-0.208784 0.853059 0.478225
-0.203468 0.000000 0.979082
-0.202857 -0.891831 -0.404335
-0.202857 0.891831 -0.404335
-0.201804 -0.228900 -0.952303
-0.201804 0.228900 -0.952303
-0.201181 -0.195793 0.959787
-0.201181 0.195793 0.959787
-0.197966 -0.819943 0.537124
-0.197966 0.819943 0.537124
-0.196479 -0.828447 -0.524473
-0.196479 0.828447 -0.524473
-0.196435 -0.470917 -0.860029
-0.196435 0.470917 -0.860029
-0.195027 -0.600231 0.775685
-0.195027 0.600231 0.775685
-0.193055 -0.381137 0.904138
-0.193055 0.381137 0.904138
-0.192375 -0.978994 0.067543
-0.192375 0.978994 0.067543
-0.191765 -0.979391 -0.063401
-0.191765 0.979391 -0.063401
-0.185721 -0.782762 0.593962
-0.185721 0.782762 0.593962
-0.185523 -0.704471 -0.685056
-0.185523 0.704471 -0.685056
-0.185521 -0.964962 0.185556
-0.185521 0.964962 0.185556
-0.182718 -0.961729 -0.204187
-0.182718 0.961729 -0.204187
-0.181495 -0.296005 -0.937785
-0.181495 0.296005 -0.937785
-0.178858 -0.129948 0.975255
-0.178858 0.129948 0.975255
-0.178213 -0.548485 0.816948
-0.178213 0.548485 0.816948
-0.176847 -0.887237 0.426069
-0.176847 0.887237 0.426069
-0.176643 -0.937477 0.299889
-0.176643 0.937477 0.299889
-0.175668 -0.540650 -0.822702
-0.175668 0.540650 -0.822702
-0.173330 -0.320762 0.931165
-0.173330 0.320762 0.931165
-0.172511 -0.742265 0.647520
-0.172511 0.742265 0.647520
-0.170835 -0.924920 -0.339614
-0.170835 0.924920 -0.339614
-0.168205 -0.040642 -0.984914
-0.168205 0.040642 -0.984914
-0.166741 -0.121144 -0.978530
-0.166741 0.121144 -0.978530
-0.166447 -0.870188 -0.463754
-0.166447 0.870188 -0.463754
-0.160569 -0.494181 0.854402
-0.160569 0.494181 0.854402
-0.160257 -0.361592 -0.918460
-0.160257 0.361592 -0.918460
-0.159793 -0.757935 -0.632456
-0.159793 0.757935 -0.632456
-0.157891 -0.065129 0.985306
-0.157891 0.065129 0.985306
-0.157146 -0.696514 0.700123
-0.157146 0.696514 0.700123
-0.155843 -0.987751 0.007839
-0.155843 0.987751 0.007839
-0.153954 -0.607478 -0.779274
-0.153954 0.607478 -0.779274
-0.153312 -0.259272 0.953558
-0.153312 0.259272 0.953558
-0.150028 -0.980469 0.127168
-0.150028 0.980469 0.127168
-0.148269 -0.979732 -0.134690
-0.148269 0.979732 -0.134690
-0.145620 -0.187432 -0.971424
-0.145620 0.187432 -0.971424
-0.144850 -0.803016 -0.578086
-0.144850 0.803016 -0.578086
-0.143364 -0.917270 0.371567
-0.143364 0.917270 0.371567
-0.142203 -0.857643 0.494192
-0.142203 0.857643 0.494192
-0.142176 -0.437572 0.887872
-0.142176 0.437572 0.887872
-0.142120 -0.959501 0.243228
-0.142120 0.959501 0.243228
-0.141768 -0.649294 0.747208
-0.141768 0.649294 0.747208
-0.138197 -0.425325 -0.894427
-0.138197 0.425325 -0.894427
-0.137736 -0.952174 -0.272750
-0.137736 0.952174 -0.272750
-0.136175 0.000000 0.990685
-0.134778 -0.906632 -0.399817
-0.134778 0.906632 -0.399817
-0.131875 -0.669612 -0.730910
-0.131875 0.669612 -0.730910
-0.131534 -0.193892 0.972165
-0.131534 0.193892 0.972165
-0.130453 -0.823154 0.552630
-0.130453 0.823154 0.552630
-0.129152 -0.843911 -0.520705
-0.129152 0.843911 -0.520705
-0.125683 -0.255180 -0.958690
-0.125683 0.255180 -0.958690
-0.125224 -0.598682 0.791137
-0.125224 0.598682 0.791137
-0.123120 -0.378924 0.917201
-0.123120 0.378924 0.917201
-0.118085 -0.784760 0.608447
-0.118085 0.784760 0.608447
-0.117879 -0.496441 -0.860029
-0.117879 0.496441 -0.860029
-0.113805 -0.991213 0.067411
-0.113805 0.991213 0.067411
-0.112886 -0.991580 -0.063447
-0.112886 0.991580 -0.063447
-0.111974 0.000000 -0.993711
-0.111606 -0.081086 -0.990439
-0.111606 0.081086 -0.990439
-0.110732 -0.130037 0.985306
-0.110732 0.130037 0.985306
-0.109291 -0.942512 0.315796
-0.109291 0.942512 0.315796
-0.109242 -0.890671 0.441328
-0.109242 0.890671 0.441328
-0.107998 -0.545757 0.830955
-0.107998 0.545757 0.830955
-0.106902 -0.976835 0.185379
-0.106902 0.976835 0.185379
-0.106619 -0.725299 -0.680128
-0.106619 0.725299 -0.680128
-0.104670 -0.322141 -0.940888
-0.104670 0.322141 -0.940888
-0.103769 -0.973421 -0.204166
-0.103769 0.973421 -0.204166
-0.103490 -0.318508 0.942254
-0.103490 0.318508 0.942254
-0.103129 -0.741474 0.663009
-0.103129 0.741474 0.663009
-0.102157 -0.937048 -0.333925
-0.102157 0.937048 -0.333925
-0.097911 -0.883288 -0.458494
-0.097911 0.883288 -0.458494
-0.096777 -0.564254 -0.819909
-0.096777 0.564254 -0.819909
-0.091677 -0.772575 -0.628269
-0.091677 0.772575 -0.628269
-0.090631 -0.147414 -0.984914
-0.090631 0.147414 -0.984914
-0.089415 -0.064963 0.993874
-0.089415 0.064963 0.993874
-0.087650 -0.694425 0.714207
-0.087650 0.694425 0.714207
-0.086656 -0.479825 0.873075
-0.086656 0.479825 0.873075
-0.083377 -0.256607 0.962913
-0.083377 0.256607 0.962913
-0.082888 -0.386730 -0.918460
-0.082888 0.386730 -0.918460
-0.077569 -0.996957 0.007717
-0.077569 0.996957 0.007717
-0.076372 -0.816233 -0.572653
-0.076372 0.816233 -0.572653
-0.075738 -0.919271 0.386270
-0.075738 0.919271 0.386270
-0.075031 -0.628313 -0.774334
-0.075031 0.628313 -0.774334
-0.074953 -0.858189 0.507833
-0.074953 0.858189 0.507833
-0.072390 -0.963865 0.256368
-0.072390 0.963865 0.256368
-0.071385 -0.645780 0.760179
-0.071385 0.645780 0.760179
-0.071161 -0.989395 0.126623
-0.071161 0.989395 0.126623
-0.069215 -0.213023 -0.974592
-0.069215 0.213023 -0.974592
-0.069146 -0.988526 -0.134294
-0.069146 0.988526 -0.134294
-0.068247 0.000000 0.997668
-0.067842 -0.421821 0.904138
-0.067842 0.421821 0.904138
-0.067358 -0.962245 -0.263720
-0.067358 0.962245 -0.263720
-0.066043 -0.917014 -0.393350
-0.066043 0.917014 -0.393350
-0.063152 -0.448259 -0.891670
-0.063152 0.448259 -0.891670
-0.062915 -0.822315 0.565544
-0.062915 0.822315 0.565544
-0.062875 -0.193510 0.979082
-0.062875 0.193510 0.979082
-0.061207 -0.855337 -0.514444
-0.061207 0.855337 -0.514444
-0.055937 -0.040640 -0.997607
-0.055937 0.040640 -0.997607
-0.054782 -0.594072 0.802544
-0.054782 0.594072 0.802544
-0.052786 -0.688191 -0.723607
-0.052786 0.688191 -0.723607
-0.048313 -0.361382 0.931165
-0.048313 0.361382 0.931165
-0.048311 -0.280319 -0.958690
-0.048311 0.280319 -0.958690
-0.047811 -0.781862 0.621615
-0.047811 0.781862 0.621615
-0.042380 -0.517970 -0.854348
-0.042380 0.517970 -0.854348
-0.042080 -0.129510 0.990685
-0.042080 0.129510 0.990685
-0.041682 -0.889933 0.454182
-0.041682 0.889933 0.454182
-0.039120 -0.943827 0.328115
-0.039120 0.943827 0.328115
-0.038048 -0.737712 -0.674042
-0.038048 0.737712 -0.674042
-0.036845 -0.979499 0.198049
-0.036845 0.979499 0.198049
-0.035073 -0.997120 0.067249
-0.035073 0.997120 0.067249
-0.034602 -0.106494 -0.993711
-0.034602 0.106494 -0.993711
-0.034087 -0.997395 -0.063574
-0.034087 0.997395 -0.063574
-0.033611 -0.530062 0.847292
-0.033611 0.530062 0.847292
-0.032971 -0.980388 -0.194298
-0.032971 0.980388 -0.194298
-0.032575 -0.737045 0.675058
-0.032575 0.737045 0.675058
-0.031444 -0.945384 -0.324438
-0.031444 0.945384 -0.324438
-0.029583 -0.892177 -0.450716
-0.029583 0.892177 -0.450716
-0.028364 -0.299870 0.953558
-0.028364 0.299870 0.953558
-0.027154 -0.346153 -0.937785
-0.027154 0.346153 -0.937785
-0.023114 -0.783452 -0.621023
-0.023114 0.783452 -0.621023
-0.021089 -0.064906 0.997668
-0.021089 0.064906 0.997668
-0.020694 -0.584716 -0.810974
-0.020694 0.584716 -0.810974
-0.017713 -0.688841 0.724696
-0.017713 0.688841 0.724696
-0.013325 -0.172532 -0.984914
-0.013325 0.172532 -0.984914
-0.012221 -0.462581 0.886493
-0.012221 0.462581 0.886493
-0.008062 -0.825175 -0.564819
-0.008062 0.825175 -0.564819
-0.007553 -0.234176 0.972165
-0.007553 0.234176 0.972165
-0.007454 -0.408286 -0.912824
-0.007454 0.408286 -0.912824
-0.007350 -0.854693 0.519081
-0.007350 0.854693 0.519081
-0.004981 -0.917370 0.398005
-0.004981 0.917370 0.398005
-0.002294 -0.963357 0.268212
-0.002294 0.963357 0.268212
-0.001238 -0.638839 0.769339
-0.001238 0.638839 0.769339
-0.000449 -0.990371 0.138439
-0.000449 0.990371 0.138439
0.000000 0.000000 -1.000000
0.000000 0.000000 1.000000
0.001187 -0.999971 0.007546
0.001187 0.999971 0.007546
0.001371 -0.646840 -0.762625
0.001371 0.646840 -0.762625
0.002189 -0.992366 -0.123308
0.002189 0.992366 -0.123308
0.003367 -0.967373 -0.253335
0.003367 0.967373 -0.253335
0.005361 -0.923416 -0.383763
0.005361 0.923416 -0.383763
0.007031 -0.862668 -0.505721
0.007031 0.862668 -0.505721
0.007302 -0.403065 0.915142
0.007302 0.403065 0.915142
0.007639 -0.237229 -0.971424
0.007639 0.237229 -0.971424
0.007698 -0.816864 0.576779
0.007698 0.816864 0.576779
0.012283 -0.468430 -0.883415
0.012283 0.468430 -0.883415
0.013150 -0.170289 0.985306
0.013150 0.170289 0.985306
0.017937 -0.697037 -0.716811
0.017937 0.697037 -0.716811
0.020470 -0.577297 0.816278
0.020470 0.577297 0.816278
0.021366 -0.065758 -0.997607
0.021366 0.065758 -0.997607
0.022708 -0.774961 0.631601
0.022708 0.774961 0.631601
0.026789 -0.341637 0.939450
0.026789 0.341637 0.939450
0.028718 -0.303801 -0.952303
0.028718 0.303801 -0.952303
0.029303 -0.885035 0.464602
0.029303 0.885035 0.464602
0.031861 -0.940213 0.339092
0.031861 0.940213 0.339092
0.032835 -0.745338 -0.665877
0.032835 0.745338 -0.665877
0.034017 -0.536784 -0.843034
0.034017 0.536784 -0.843034
0.034071 -0.977237 0.209398
0.034071 0.977237 0.209398
0.034153 -0.105113 0.993874
0.034153 0.105113 0.993874
0.035839 -0.996247 0.078792
0.035839 0.996247 0.078792
0.037441 -0.997935 -0.052193
0.037441 0.997935 -0.052193
0.037604 -0.729194 0.683273
0.037604 0.729194 0.683273
0.038563 -0.982339 -0.183092
0.038563 0.982339 -0.183092
0.040159 -0.948710 -0.313587
0.040159 0.948710 -0.313587
0.041815 -0.511338 0.858362
0.041815 0.511338 0.858362
0.042024 -0.896813 -0.440410
0.042024 0.896813 -0.440410
0.042630 -0.131200 -0.990439
0.042630 0.131200 -0.990439
0.047674 -0.276651 0.959787
0.047674 0.276651 0.959787
0.048127 -0.790112 -0.611070
0.048127 0.790112 -0.611070
0.048897 -0.366027 -0.929319
0.048897 0.366027 -0.929319
0.052313 -0.679790 0.731539
0.052313 0.679790 0.731539
0.055213 -0.040114 0.997668
0.055213 0.040114 0.997668
0.055520 -0.601501 -0.796940
0.055520 0.601501 -0.796940
0.060288 -0.847173 0.527886
0.060288 0.847173 0.527886
0.062288 -0.442553 0.894576
0.062288 0.442553 0.894576
0.063280 -0.830359 -0.553625
0.063280 0.830359 -0.553625
0.063689 -0.196015 -0.978530
0.063689 0.196015 -0.978530
0.065802 -0.910746 0.407692
0.065802 0.910746 0.407692
0.067814 -0.957981 0.278701
0.067814 0.957981 0.278701
0.068318 -0.210261 0.975255
0.068318 0.210261 0.975255
0.068642 -0.427135 -0.901579
0.068642 0.427135 -0.901579
0.069142 0.000000 -0.997607
0.070265 -0.986256 0.149542
0.070265 0.986256 0.149542
0.072220 -0.653497 -0.753476
0.072220 0.653497 -0.753476
0.073512 -0.991022 -0.111678
0.073512 0.991022 -0.111678
0.074075 -0.967532 -0.241649
0.074075 0.967532 -0.241649
0.074193 -0.620381 0.780783
0.074193 0.620381 0.780783
0.075236 -0.865871 -0.494577
0.075236 0.865871 -0.494577
0.075403 -0.807757 0.584673
0.075403 0.807757 0.584673
0.076736 -0.924988 -0.372167
0.076736 0.924988 -0.372167
0.079344 -0.996817 0.007714
0.079344 0.996817 0.007714
0.081809 -0.381701 0.920658
0.081809 0.381701 0.920658
0.084444 -0.259892 -0.961938
0.084444 0.259892 -0.961938
0.087642 -0.485712 -0.869714
0.087642 0.485712 -0.869714
0.088568 -0.702310 -0.706340
0.088568 0.702310 -0.706340
0.089455 -0.145496 0.985306
0.089455 0.145496 0.985306
0.090589 -0.065817 -0.993711
0.090589 0.065817 -0.993711
0.090650 -0.763955 0.638870
0.090650 0.763955 0.638870
0.095595 -0.556981 0.825005
0.095595 0.556981 0.825005
0.097031 -0.875998 0.472455
0.097031 0.875998 0.472455
0.101957 -0.931692 0.348648
0.101957 0.931692 0.348648
0.103295 -0.317908 0.942478
0.103295 0.317908 0.942478
0.104114 -0.749435 -0.653840
0.104114 0.749435 -0.653840
0.104250 -0.970060 0.219351
0.104250 0.970060 0.219351
0.104795 -0.322525 -0.940742
0.104795 0.322525 -0.940742
0.105551 -0.716680 0.689368
0.105551 0.716680 0.689368
0.109224 -0.979265 -0.170617
0.109224 0.979265 -0.170617
0.109327 -0.552454 -0.826343
0.109327 0.552454 -0.826343
0.110168 -0.080042 0.990685
0.110168 0.080042 0.990685
0.110182 -0.897190 -0.427680
0.110182 0.897190 -0.427680
0.110522 -0.000000 0.993874
0.110938 -0.947007 -0.301448
0.110938 0.947007 -0.301448
0.112192 -0.131749 -0.984914
0.112192 0.131749 -0.984914
0.114035 -0.990334 0.078961
0.114035 0.990334 0.078961
0.115571 -0.991934 -0.052060
0.115571 0.991934 -0.052060
0.116383 -0.489998 0.863920
0.116383 0.489998 0.863920
0.119117 -0.792649 -0.597928
0.119117 0.792649 -0.597928
0.124042 -0.251837 0.959787
0.124042 0.251837 0.959787
0.124644 -0.383614 -0.915043
0.124644 0.383614 -0.915043
0.126675 -0.605741 -0.785513
0.126675 0.605741 -0.785513
0.127642 -0.835663 0.534205
0.127642 0.835663 0.534205
0.130310 -0.661291 0.738724
0.130310 0.661291 0.738724
0.131419 -0.830812 -0.540814
0.131419 0.830812 -0.540814
0.133259 -0.196412 -0.971424
0.133259 0.196412 -0.971424
0.133940 -0.900261 0.414234
0.133940 0.900261 0.414234
0.136422 -0.419863 0.897276
0.136422 0.419863 0.897276
0.137579 -0.947763 0.287781
0.137579 0.947763 0.287781
0.137952 0.000000 -0.990439
0.143080 -0.864929 -0.481067
0.143080 0.864929 -0.481067
0.143263 -0.794489 0.590137
0.143263 0.794489 0.590137
0.143317 -0.656620 -0.740480
0.143317 0.656620 -0.740480
0.143756 -0.185013 0.972165
0.143756 0.185013 0.972165
0.143896 -0.442867 -0.884965
0.143896 0.442867 -0.884965
0.144402 -0.962722 -0.228722
0.144402 0.962722 -0.228722
0.144957 -0.922554 -0.357605
0.144957 0.922554 -0.357605
0.148778 -0.977400 0.150184
0.148778 0.977400 0.150184
0.151777 -0.982052 -0.111967
0.151777 0.982052 -0.111967
0.152028 -0.599712 0.785642
0.152028 0.599712 0.785642
0.155336 -0.262661 -0.952303
0.155336 0.262661 -0.952303
0.157016 -0.987565 0.007835
0.157016 0.987565 0.007835
0.158159 -0.749289 0.643079
0.158159 0.749289 0.643079
0.158173 -0.356889 0.920658
0.158173 0.356889 0.920658
0.158745 -0.703983 -0.692249
0.158745 0.703983 -0.692249
0.159970 -0.065988 -0.984914
0.159970 0.065988 -0.984914
0.162460 -0.500000 -0.850651
0.162460 0.500000 -0.850651
0.164609 -0.119596 0.979082
0.164609 0.119596 0.979082
0.164977 -0.862856 0.477768
0.164977 0.862856 0.477768
0.166018 -0.040116 0.985306
0.166018 0.040116 0.985306
0.170042 -0.919503 0.354400
0.170042 0.919503 0.354400
0.173394 -0.533651 0.827738
0.173394 0.533651 0.827738
0.174179 -0.749786 -0.638344
0.174179 0.749786 -0.638344
0.175587 -0.324864 -0.929319
0.175587 0.324864 -0.929319
0.178377 -0.893288 -0.412574
0.178377 0.893288 -0.412574
0.178874 -0.941475 -0.285709
0.178874 0.941475 -0.285709
0.179136 -0.292137 0.939450
0.179136 0.292137 0.939450
0.180246 -0.554740 -0.812265
0.180246 0.554740 -0.812265
0.181208 -0.131655 -0.974592
0.181208 0.131655 -0.974592
0.182590 -0.958356 0.219580
0.182590 0.958356 0.219580
0.183370 -0.696018 0.694215
0.183370 0.696018 0.694215
0.187241 -0.967388 -0.170588
0.187241 0.967388 -0.170588
0.187358 -0.790170 -0.583548
0.187358 0.790170 -0.583548
0.192305 -0.978141 0.079115
0.192305 0.978141 0.079115
0.193540 -0.979714 -0.051993
0.193540 0.979714 -0.051993
0.193858 -0.464825 0.863920
0.193858 0.464825 0.863920
0.194395 -0.820219 0.538008
0.194395 0.820219 0.538008
0.195531 -0.385906 -0.901579
0.195531 0.385906 -0.901579
0.197169 -0.606825 -0.769992
0.197169 0.606825 -0.769992
0.199206 -0.225927 0.953558
0.199206 0.225927 0.953558
0.199540 -0.827110 -0.525427
0.199540 0.827110 -0.525427
0.201436 -0.885460 0.418790
0.201436 0.885460 0.418790
0.203852 -0.198387 -0.958690
0.203852 0.198387 -0.958690
0.206103 0.000000 -0.978530
0.207464 -0.638509 0.741124
0.207464 0.638509 0.741124
0.209734 -0.394645 0.894576
0.209734 0.394645 0.894576
0.209822 -0.777422 0.592949
0.209822 0.777422 0.592949
0.210240 -0.859848 -0.465254
0.210240 0.859848 -0.465254
0.212472 -0.915626 -0.341300
0.212472 0.915626 -0.341300
0.213149 -0.656006 -0.724033
0.213149 0.656006 -0.724033
0.214591 -0.444464 -0.869714
0.214591 0.444464 -0.869714
0.217300 -0.931822 0.290669
0.217300 0.931822 0.290669
0.218283 -0.158592 0.962913
0.218283 0.158592 0.962913
0.220380 -0.079548 0.972165
0.220380 0.079548 0.972165
0.221081 -0.000000 0.975255
0.223226 -0.947009 -0.230964
0.223226 0.947009 -0.230964
0.225432 -0.264083 -0.937785
0.225432 0.264083 -0.937785
0.226362 -0.962442 0.149888
0.226362 0.962442 0.149888
0.227979 -0.066042 -0.971424
0.227979 0.066042 -0.971424
0.228109 -0.702046 -0.674609
0.228109 0.702046 -0.674609
0.229101 -0.966989 -0.111562
0.229101 0.966989 -0.111562
0.229508 -0.574537 0.785642
0.229508 0.574537 0.785642
0.231009 -0.330378 0.915142
0.231009 0.330378 0.915142
0.231562 -0.845846 0.480545
0.231562 0.845846 0.480545
0.233726 -0.972270 0.007907
0.233726 0.972270 0.007907
0.236092 -0.726615 0.645206
0.236092 0.726615 0.645206
0.236277 -0.511205 -0.826343
0.236277 0.511205 -0.826343
0.241976 -0.744727 -0.621956
0.241976 0.744727 -0.621956
0.245031 -0.885302 -0.395222
0.245031 0.885302 -0.395222
0.246015 -0.325929 -0.912824
0.246015 0.325929 -0.912824
0.249310 -0.900475 0.356355
0.249310 0.900475 0.356355
0.250047 -0.506797 0.825005
0.250047 0.506797 0.825005
0.251501 -0.263967 0.931165
0.251501 0.263967 0.931165
0.251671 -0.132570 -0.958690
0.251671 0.132570 -0.958690
0.253564 -0.564513 -0.785513
0.253564 0.564513 -0.785513
0.254686 -0.783843 -0.566326
0.254686 0.783843 -0.566326
0.257179 -0.922694 -0.287221
0.257179 0.922694 -0.287221
0.260232 -0.800911 0.539277
0.260232 0.800911 0.539277
0.260760 -0.670872 0.694215
0.260760 0.670872 0.694215
0.261880 -0.939332 0.221529
0.261880 0.939332 0.221529
0.265399 -0.386187 -0.883415
0.265399 0.386187 -0.883415
0.265562 -0.948609 -0.172096
0.265562 0.948609 -0.172096
0.266177 -0.819207 -0.507985
0.266177 0.819207 -0.507985
0.266728 -0.438259 0.858362
0.266728 0.438259 0.858362
0.268596 -0.959993 0.079179
0.268596 0.959993 0.079179
0.269760 -0.961525 -0.051951
0.269760 0.961525 -0.051951
0.270006 -0.615456 -0.740480
0.270006 0.615456 -0.740480
0.270939 -0.196849 0.942254
0.270939 0.196849 0.942254
0.273267 0.000000 -0.961938
0.274030 -0.199094 -0.940888
0.274030 0.199094 -0.940888
0.276393 -0.850651 -0.447214
0.276393 0.850651 -0.447214
0.276428 -0.119641 0.953558
0.276428 0.119641 0.953558
0.277843 -0.040149 0.959787
0.277843 0.040149 0.959787
0.280411 -0.863016 0.420206
0.280411 0.863016 0.420206
0.281785 -0.367053 0.886493
0.281785 0.367053 0.886493
0.283274 -0.611590 0.738724
0.283274 0.611590 0.738724
0.285363 -0.662842 -0.692249
0.285363 0.662842 -0.692249
0.287208 -0.752278 0.592949
0.287208 0.752278 0.592949
0.287993 -0.454262 -0.843034
0.287993 0.454262 -0.843034
0.290336 -0.893562 -0.342421
0.290336 0.893562 -0.342421
0.294372 -0.264151 -0.918460
0.294372 0.264151 -0.918460
0.295584 -0.909714 0.291634
0.295584 0.909714 0.291634
0.297807 -0.066567 -0.952303
0.297807 0.066567 -0.952303
0.299799 -0.708969 -0.638344
0.299799 0.708969 -0.638344
0.300607 -0.925173 -0.231713
0.300607 0.925173 -0.231713
0.302825 -0.301384 0.904138
0.302825 0.301384 0.904138
0.304628 -0.545508 0.780783
0.304628 0.545508 0.780783
0.305502 -0.940239 0.150396
0.305502 0.940239 0.150396
0.307075 -0.945080 -0.111929
0.307075 0.945080 -0.111929
0.308637 -0.519258 -0.796940
0.308637 0.519258 -0.796940
0.309007 -0.951027 0.007932
0.309007 0.951027 0.007932
0.309838 -0.820413 0.480545
0.309838 0.820413 0.480545
0.312468 -0.699151 0.643079
0.312468 0.699151 0.643079
0.312875 -0.749387 -0.583548
0.312875 0.749387 -0.583548
0.314571 -0.325530 -0.891670
0.314571 0.325530 -0.891670
0.320820 -0.132792 -0.937785
0.320820 0.132792 -0.937785
0.322133 -0.860250 -0.395222
0.322133 0.860250 -0.395222
0.322332 -0.234188 0.917201
0.322332 0.234188 0.917201
0.322766 -0.479075 0.816278
0.322766 0.479075 0.816278
0.324731 -0.786433 -0.525427
0.324731 0.786433 -0.525427
0.324844 -0.777833 0.538008
0.324844 0.777833 0.538008
0.325689 -0.571140 -0.753476
0.325689 0.571140 -0.753476
0.327590 -0.875040 0.356355
0.327590 0.875040 0.356355
0.328766 -0.157621 0.931165
0.328766 0.157621 0.931165
0.333195 -0.080094 0.939450
0.333195 0.080094 0.939450
0.334268 -0.000000 0.942478
0.334284 -0.897641 -0.287221
0.334284 0.897641 -0.287221
0.335318 -0.819207 -0.465254
0.335318 0.819207 -0.465254
0.335861 -0.641848 0.689368
0.335861 0.641848 0.689368
0.338742 -0.394136 -0.854348
0.338742 0.394136 -0.854348
0.338755 -0.409073 0.847292
0.338755 0.409073 0.847292
0.339123 0.000000 -0.940742
0.340260 -0.913864 0.221529
0.340260 0.913864 0.221529
0.341154 -0.620240 -0.706340
0.341154 0.620240 -0.706340
0.342189 -0.198337 -0.918460
0.342189 0.198337 -0.918460
0.342735 -0.923534 -0.172096
0.342735 0.923534 -0.172096
0.346930 -0.936451 -0.051951
0.346930 0.936451 -0.051951
0.346971 -0.934528 0.079179
0.346971 0.934528 0.079179
0.351087 -0.726964 0.590137
0.351087 0.726964 0.590137
0.352140 -0.337251 0.873075
0.352140 0.337251 0.873075
0.356277 -0.667502 -0.653840
0.356277 0.667502 -0.653840
0.357249 -0.580711 0.731539
0.357249 0.580711 0.731539
0.357495 -0.834753 0.418790
0.357495 0.834753 0.418790
0.360429 -0.460882 -0.810974
0.360429 0.460882 -0.810974
0.361803 -0.262866 -0.894427
0.361803 0.262866 -0.894427
0.363223 -0.066604 -0.929319
0.363223 0.066604 -0.929319
0.366298 -0.865644 -0.341300
0.366298 0.865644 -0.341300
0.369540 -0.711282 -0.597928
0.369540 0.711282 -0.597928
0.371911 -0.881586 0.290669
0.371911 0.881586 0.290669
0.372221 -0.270435 0.887872
0.372221 0.270435 0.887872
0.373705 -0.795036 0.477768
0.373705 0.795036 0.477768
0.375704 -0.671335 0.638870
0.375704 0.671335 0.638870
0.376044 -0.897355 -0.230964
0.376044 0.897355 -0.230964
0.376502 -0.516104 0.769339
0.376502 0.516104 0.769339
0.379094 -0.524110 -0.762625
0.379094 0.524110 -0.762625
0.380211 -0.194871 0.904138
0.380211 0.194871 0.904138
0.380752 -0.827533 -0.412574
0.380752 0.827533 -0.412574
0.382019 -0.749387 -0.540814
0.382019 0.749387 -0.540814
0.382397 -0.923964 0.007907
0.382397 0.923964 0.007907
0.382579 -0.911684 0.149888
0.382579 0.911684 0.149888
0.383035 -0.916972 -0.111562
0.383035 0.916972 -0.111562
0.385594 -0.117610 0.915142
0.385594 0.117610 0.915142
0.386000 -0.133256 -0.912824
0.386000 0.133256 -0.912824
0.387167 -0.332342 -0.860029
0.387167 0.332342 -0.860029
0.387926 -0.751092 0.534205
0.387926 0.751092 0.534205
0.388300 -0.040147 0.920658
0.388300 0.040147 0.920658
0.392638 -0.783843 -0.481067
0.392638 0.783843 -0.481067
0.393506 -0.448415 0.802544
0.393506 0.448415 0.802544
0.395197 -0.574458 -0.716811
0.395197 0.574458 -0.716811
0.398187 -0.612033 0.683273
0.398187 0.612033 0.683273
0.402904 -0.843842 0.354400
0.402904 0.843842 0.354400
0.403355 0.000000 -0.915043
0.406805 -0.198580 -0.891670
0.406805 0.198580 -0.891670
0.408160 -0.378047 0.830955
0.408160 0.378047 0.830955
0.408673 -0.866808 -0.285709
0.408673 0.866808 -0.285709
0.409955 -0.399607 -0.819909
0.409955 0.399607 -0.819909
0.411535 -0.622292 -0.665877
0.411535 0.622292 -0.665877
0.413786 -0.697810 0.584673
0.413786 0.697810 0.584673
0.415589 -0.882650 0.219580
0.415589 0.882650 0.219580
0.417135 -0.892691 -0.170588
0.417135 0.892691 -0.170588
0.419221 -0.546872 0.724696
0.419221 0.546872 0.724696
0.419285 -0.906365 -0.051993
0.419285 0.906365 -0.051993
0.419358 -0.904367 0.079115
0.419358 0.904367 0.079115
0.420375 -0.305420 0.854402
0.420375 0.305420 0.854402
0.420801 -0.807055 0.414234
0.420801 0.807055 0.414234
0.424991 -0.831566 -0.357605
0.424991 0.831566 -0.357605
0.425481 -0.667502 -0.611070
0.425481 0.667502 -0.611070
0.427441 -0.066709 -0.901579
0.427441 0.066709 -0.901579
0.429562 -0.230688 0.873075
0.429562 0.230688 0.873075
0.430015 -0.464213 -0.774334
0.430015 0.464213 -0.774334
0.435717 -0.265518 -0.860029
0.435717 0.265518 -0.860029
0.436164 -0.154568 0.886493
0.436164 0.154568 0.886493
0.436398 -0.765730 0.472455
0.436398 0.765730 0.472455
0.436878 -0.708969 -0.553625
0.436878 0.708969 -0.553625
0.437140 -0.640304 0.631601
0.437140 0.640304 0.631601
0.437332 -0.480488 0.760179
0.437332 0.480488 0.760179
0.438215 -0.790605 -0.427680
0.438215 0.790605 -0.427680
0.440141 -0.077517 0.894576
0.440141 0.077517 0.894576
0.441470 -0.000000 0.897276
0.445777 -0.847623 0.287781
0.445777 0.847623 0.287781
0.447214 -0.525731 -0.723607
0.447214 0.525731 -0.723607
0.448079 -0.744727 -0.494577
0.448079 0.744727 -0.494577
0.449051 -0.863736 -0.228722
0.449051 0.863736 -0.228722
0.449182 -0.720814 0.527886
0.449182 0.720814 0.527886
0.449299 -0.133071 -0.883415
0.449299 0.133071 -0.883415
0.453205 -0.410739 0.791137
0.453205 0.410739 0.791137
0.453448 -0.891248 0.007835
0.453448 0.891248 0.007835
0.454137 -0.878182 0.150184
0.454137 0.878182 0.150184
0.454446 -0.883710 -0.111967
0.454446 0.883710 -0.111967
0.459578 -0.577135 0.675058
0.459578 0.577135 0.675058
0.459904 -0.334140 -0.822702
0.459904 0.334140 -0.822702
0.464398 -0.574458 -0.674042
0.464398 0.574458 -0.674042
0.465149 -0.813683 0.348648
0.465149 0.813683 0.348648
0.465658 0.000000 -0.884965
0.466569 -0.338982 0.816948
0.466569 0.338982 0.816948
0.466886 -0.831352 -0.301448
0.466886 0.831352 -0.301448
0.473913 -0.665381 0.576779
0.473913 0.665381 0.576779
0.479083 -0.510282 0.714207
0.479083 0.510282 0.714207
0.479201 -0.620240 -0.621023
0.479201 0.620240 -0.621023
0.479523 -0.200368 -0.854348
0.479523 0.200368 -0.854348
0.481613 -0.793436 -0.372167
0.481613 0.793436 -0.372167
0.481618 -0.400968 -0.779274
0.481618 0.400968 -0.779274
0.482088 -0.775486 0.407692
0.482088 0.775486 0.407692
0.485672 -0.271360 0.830955
0.485672 0.271360 0.830955
0.485847 -0.846072 0.219351
0.485847 0.846072 0.219351
0.487234 -0.856442 -0.170617
0.487234 0.856442 -0.170617
0.489022 -0.066741 -0.869714
0.489022 0.066741 -0.869714
0.489545 -0.870423 -0.052060
0.489545 0.870423 -0.052060
0.489848 -0.868225 0.078961
0.489848 0.868225 0.078961
0.491548 -0.662842 -0.564819
0.491548 0.662842 -0.564819
0.493135 -0.750238 -0.440410
0.493135 0.750238 -0.440410
0.493733 -0.195764 0.847292
0.493733 0.195764 0.847292
0.496338 -0.441961 0.747208
0.496338 0.441961 0.747208
0.496504 -0.733232 0.464602
0.496504 0.733232 0.464602
0.498247 -0.604437 0.621615
0.498247 0.604437 0.621615
0.499232 -0.118244 0.858362
0.499232 0.118244 0.858362
0.500277 -0.464213 -0.730910
0.500277 0.464213 -0.730910
0.501375 -0.702046 -0.505721
0.501375 0.702046 -0.505721
0.501980 -0.040731 0.863920
0.501980 0.040731 0.863920
0.506732 -0.266405 -0.819909
0.506732 0.266405 -0.819909
0.508224 -0.814883 0.278701
0.508224 0.814883 0.278701
0.508322 -0.687141 0.519081
0.508322 0.687141 0.519081
0.508774 -0.826290 -0.241649
0.508774 0.826290 -0.241649
0.510587 -0.370963 0.775685
0.510587 0.370963 0.775685
0.512576 -0.524110 -0.680128
0.512576 0.524110 -0.680128
0.519261 -0.539247 0.663009
0.519261 0.539247 0.663009
0.521024 -0.133523 -0.843034
0.521024 0.133523 -0.843034
0.521724 -0.853079 0.007714
0.521724 0.853079 0.007714
0.522860 -0.839198 0.149542
0.522860 0.839198 0.149542
0.523036 -0.844963 -0.111678
0.523036 0.844963 -0.111678
0.525149 -0.791127 -0.313587
0.525149 0.791127 -0.313587
0.525731 0.000000 -0.850651
0.526867 -0.779376 0.339092
0.526867 0.779376 0.339092
0.528277 -0.571140 -0.628269
0.528277 0.571140 -0.628269
0.530171 -0.334140 -0.779274
0.530171 0.334140 -0.779274
0.530684 -0.304099 0.791137
0.530684 0.304099 0.791137
0.534244 -0.628286 0.565544
0.534244 0.628286 0.565544
0.536535 -0.471124 0.700123
0.536535 0.471124 0.700123
0.538434 -0.750210 -0.383763
0.538434 0.750210 -0.383763
0.541555 -0.615456 -0.572653
0.541555 0.615456 -0.572653
0.543246 -0.739240 0.398005
0.543246 0.739240 0.398005
0.546206 -0.817396 -0.183092
0.546206 0.817396 -0.183092
0.546842 -0.810627 0.209398
0.546842 0.810627 0.209398
0.548068 -0.235679 0.802544
0.548068 0.235679 0.802544
0.548342 -0.704398 -0.450716
0.548342 0.704398 -0.450716
0.549703 -0.200368 -0.810974
0.549703 0.200368 -0.810974
0.550012 -0.399607 -0.733349
0.550012 0.399607 -0.733349
0.552224 -0.401214 0.730805
0.552224 0.401214 0.730805
0.552272 -0.656006 -0.514444
0.552272 0.656006 -0.514444
0.555368 -0.158927 0.816278
0.555368 0.158927 0.816278
0.556281 -0.829354 -0.052193
0.556281 0.829354 -0.052193
0.556585 -0.827046 0.078792
0.556585 0.827046 0.078792
0.556803 -0.565476 0.608447
0.556803 0.565476 0.608447
0.556811 -0.695471 0.454182
0.556811 0.695471 0.454182
0.559198 -0.066741 -0.826343
0.559198 0.066741 -0.826343
0.559261 -0.081200 0.825005
0.559261 0.081200 0.825005
0.561114 -0.000000 0.827738
0.564169 -0.460882 -0.685056
0.564169 0.460882 -0.685056
0.565069 -0.650233 0.507833
0.565069 0.650233 0.507833
0.565883 -0.784600 -0.253335
0.565883 0.784600 -0.253335
0.568103 -0.778024 0.268212
0.568103 0.778024 0.268212
0.573706 -0.335472 0.747208
0.573706 0.335472 0.747208
0.574375 -0.265518 -0.774334
0.574375 0.265518 -0.774334
0.574779 -0.519258 -0.632456
0.574779 0.519258 -0.632456
0.575857 -0.499106 0.647520
0.575857 0.499106 0.647520
0.581122 -0.746349 -0.324438
0.581122 0.746349 -0.324438
0.581527 -0.804128 -0.123308
0.581527 0.804128 -0.123308
0.582489 -0.800963 0.138439
0.582489 0.800963 0.138439
0.583288 0.000000 -0.812265
0.586417 -0.740578 0.328115
0.586417 0.740578 0.328115
0.586808 -0.809691 0.007546
0.586808 0.809691 0.007546
0.589187 -0.564513 -0.578086
0.589187 0.564513 -0.578086
0.589218 -0.133071 -0.796940
0.589218 0.133071 -0.796940
0.589376 -0.589267 0.552630
0.589376 0.589267 0.552630
0.591286 -0.429595 0.682517
0.591286 0.429595 0.682517
0.592114 -0.267449 0.760179
0.592114 0.267449 0.760179
0.592437 -0.703060 -0.393350
0.592437 0.703060 -0.393350
0.596087 -0.332342 -0.730910
0.596087 0.332342 -0.730910
0.598395 -0.657044 -0.458494
0.598395 0.657044 -0.458494
0.600525 -0.606825 -0.520705
0.600525 0.606825 -0.520705
0.601607 -0.699188 0.386270
0.601607 0.699188 0.386270
0.602932 -0.773771 -0.194298
0.602932 0.773771 -0.194298
0.605543 -0.770775 0.198049
0.605543 0.770775 0.198049
0.607190 -0.198590 0.769339
0.607190 0.198590 0.769339
0.610348 -0.524104 0.593962
0.610348 0.524104 0.593962
0.611902 -0.656357 0.441328
0.611902 0.656357 0.441328
0.612662 -0.394136 -0.685056
0.612662 0.394136 -0.685056
0.612944 -0.121147 0.780783
0.612944 0.121147 0.780783
0.613831 -0.786874 -0.063574
0.613831 0.786874 -0.063574
0.613864 -0.364690 0.700123
0.613864 0.364690 0.700123
0.614467 -0.786071 0.067249
0.614467 0.786071 0.067249
0.615239 -0.066709 -0.785513
0.615239 0.066709 -0.785513
0.615605 -0.198580 -0.762625
0.615605 0.198580 -0.762625
0.617339 -0.040734 0.785642
0.617339 0.040734 0.785642
0.619155 -0.610263 0.494192
0.619155 0.610263 0.494192
0.620087 -0.738880 -0.263720
0.620087 0.738880 -0.263720
0.625110 -0.737233 0.256368
0.625110 0.737233 0.256368
0.625238 -0.454262 -0.634605
0.625238 0.454262 -0.634605
0.627591 -0.455972 0.631046
0.627591 0.455972 0.631046
0.633352 -0.297949 0.714207
0.633352 0.297949 0.714207
0.633430 -0.698041 -0.333925
0.633430 0.698041 -0.333925
0.633438 -0.511205 -0.580884
0.633438 0.511205 -0.580884
0.636981 -0.759092 -0.134294
0.636981 0.759092 -0.134294
0.638054 0.000000 -0.769992
0.638197 -0.262866 -0.723607
0.638197 0.262866 -0.723607
0.639122 -0.758610 0.126623
0.639122 0.758610 0.126623
0.641943 -0.654260 -0.399817
0.641943 0.654260 -0.399817
0.642109 -0.546986 0.537124
0.642109 0.546986 0.537124
0.642413 -0.698268 0.315796
0.642413 0.698268 0.315796
0.643830 -0.133256 -0.753476
0.643830 0.133256 -0.753476
0.645904 -0.554740 -0.524473
0.645904 0.554740 -0.524473
0.646142 -0.606162 -0.463754
0.646142 0.606162 -0.463754
0.648751 -0.760961 0.007717
0.648751 0.760961 0.007717
0.649653 -0.229710 0.724696
0.649653 0.229710 0.724696
0.652628 -0.393440 0.647520
0.652628 0.393440 0.647520
0.655142 -0.657820 0.371567
0.655142 0.657820 0.371567
0.656113 -0.726520 -0.204166
0.656113 0.726520 -0.204166
0.656853 -0.325530 -0.680128
0.656853 0.325530 -0.680128
0.660655 -0.727441 0.185379
0.660655 0.727441 0.185379
0.660970 -0.480223 0.576633
0.660970 0.480223 0.576633
0.662684 -0.160314 0.731539
0.662684 0.160314 0.731539
0.664578 -0.613842 0.426069
0.664578 0.613842 0.426069
0.668464 -0.198337 -0.716811
0.668464 0.198337 -0.716811
0.668770 -0.066604 -0.740480
0.668770 0.066604 -0.740480
0.669194 -0.080418 0.738724
0.669194 0.080418 0.738724
0.670325 -0.567419 0.478225
0.670325 0.567419 0.478225
0.671105 -0.689366 -0.272750
0.671105 0.689366 -0.272750
0.671368 -0.000000 0.741124
0.671461 -0.386187 -0.632456
0.671461 0.386187 -0.632456
0.673315 -0.327210 0.663009
0.673315 0.327210 0.663009
0.674163 -0.735852 -0.063447
0.674163 0.735852 -0.063447
0.674691 -0.735015 0.067411
0.674691 0.735015 0.067411
0.678958 -0.692717 0.243228
0.678958 0.692717 0.243228
0.681863 -0.647862 -0.339614
0.681863 0.647862 -0.339614
0.681928 -0.444464 -0.580884
0.681928 0.444464 -0.580884
0.687060 -0.418518 0.593962
0.687060 0.418518 0.593962
0.688191 -0.500000 -0.525731
0.688191 0.500000 -0.525731
0.688320 -0.602270 -0.404335
0.688320 0.602270 -0.404335
0.689765 0.000000 -0.724033
0.689849 -0.264151 -0.674042
0.689849 0.264151 -0.674042
0.690433 -0.552879 -0.466504
0.690433 0.552879 -0.466504
0.690905 -0.258740 0.675058
0.690905 0.258740 0.675058
0.691266 -0.502234 0.519531
0.691266 0.502234 0.519531
0.693943 -0.654607 0.299889
0.693943 0.654607 0.299889
0.695305 -0.132792 -0.706340
0.695305 0.132792 -0.706340
0.695825 -0.705469 -0.134690
0.695825 0.705469 -0.134690
0.697680 -0.705032 0.127168
0.697680 0.705032 0.127168
0.705125 -0.189570 0.683273
0.705125 0.189570 0.683273
0.705536 -0.613298 0.355084
0.705536 0.613298 0.355084
0.706433 -0.325929 -0.628269
0.706433 0.325929 -0.628269
0.706665 -0.707505 0.007839
0.706665 0.707505 0.007839
0.709861 -0.354810 0.608447
0.709861 0.354810 0.608447
0.713111 -0.670656 -0.204187
0.713111 0.670656 -0.204187
0.713682 -0.568991 0.408543
0.713682 0.568991 0.408543
0.714221 -0.121081 0.689368
0.714221 0.121081 0.689368
0.717280 -0.671624 0.185556
0.717280 0.671624 0.185556
0.718339 -0.521904 0.460006
0.718339 0.521904 0.460006
0.718582 -0.066567 -0.692249
0.718582 0.066567 -0.692249
0.718617 -0.040686 0.694215
0.718617 0.040686 0.694215
0.718637 -0.441654 0.537124
0.718637 0.441654 0.537124
0.718952 -0.385906 -0.578086
0.718952 0.385906 -0.578086
0.719006 -0.199094 -0.665877
0.719006 0.199094 -0.665877
0.726737 -0.629235 -0.275530
0.726737 0.629235 -0.275530
0.727184 -0.442867 -0.524473
0.727184 0.442867 -0.524473
0.728821 -0.287080 0.621615
0.728821 0.287080 0.621615
0.730813 -0.679627 -0.063401
0.730813 0.679627 -0.063401
0.731073 -0.678948 0.067543
0.731073 0.678948 0.067543
0.733918 -0.633263 0.245648
0.733918 0.633263 0.245648
0.735269 -0.585457 -0.341496
0.735269 0.585457 -0.341496
0.737964 -0.264083 -0.621023
0.737964 0.264083 -0.621023
0.738175 0.000000 -0.674609
0.739175 -0.485792 -0.466504
0.739175 0.485792 -0.466504
0.739438 -0.537233 -0.405723
0.739438 0.537233 -0.405723
0.742553 -0.378437 0.552630
0.742553 0.378437 0.552630
0.744049 -0.217880 0.631601
0.744049 0.217880 0.631601
0.744928 -0.132570 -0.653840
0.744928 0.132570 -0.653840
0.746656 -0.592951 0.301520
0.746656 0.592951 0.301520
0.746790 -0.462175 0.478225
0.746790 0.462175 0.478225
0.750258 -0.647376 -0.134233
0.750258 0.647376 -0.134233
0.751843 -0.647013 0.126911
0.751843 0.647013 0.126911
0.752683 -0.324864 -0.572653
0.752683 0.324864 -0.572653
0.754577 0.149861 0.638870
0.754577 -0.149861 0.638870
0.755932 -0.549217 0.356268
0.755932 0.549217 0.356268
0.760189 -0.649653 0.007913
0.760189 0.649653 0.007913
0.761490 -0.081125 0.643079
0.761490 0.081125 0.643079
0.761683 -0.502924 0.408543
0.761683 0.502924 0.408543
0.762626 -0.313945 0.565544
0.762626 0.313945 0.565544
0.762697 -0.383614 -0.520705
0.762697 0.383614 -0.520705
0.764009 -0.000000 0.645206
0.766313 -0.198387 -0.611070
0.766313 0.198387 -0.611070
0.766538 -0.608242 -0.206063
0.766538 0.608242 -0.206063
0.766913 -0.066042 -0.638344
0.766913 0.066042 -0.638344
0.770007 -0.609961 0.187183
0.770007 0.609961 0.187183
0.771724 -0.400270 0.494192
0.771724 0.400270 0.494192
0.776163 -0.427204 -0.463754
0.776163 0.427204 -0.463754
0.777486 -0.564877 -0.276459
0.777486 0.564877 -0.276459
0.779262 -0.245103 0.576779
0.779262 0.245103 0.576779
0.782290 -0.619683 -0.063363
0.782290 0.619683 -0.063363
0.782297 -0.262661 -0.564819
0.782297 0.262661 -0.564819
0.782467 -0.619011 0.067602
0.782467 0.619011 0.067602
0.783052 0.000000 -0.621956
0.784014 -0.518366 -0.341496
0.784014 0.518366 -0.341496
0.784062 -0.569654 0.246457
0.784062 0.569654 0.246457
0.785496 -0.468519 -0.404335
0.785496 0.468519 -0.404335
0.789164 -0.442363 0.426069
0.789164 0.442363 0.426069
0.790663 -0.131655 -0.597928
0.790663 0.131655 -0.597928
0.791524 -0.177898 0.584673
0.791524 0.177898 0.584673
0.793024 -0.336479 0.507833
0.793024 0.336479 0.507833
0.794560 -0.322525 -0.514444
0.794560 0.322525 -0.514444
0.794659 -0.526880 0.301520
0.794659 0.526880 0.301520
0.799875 -0.109259 0.590137
0.799875 0.109259 0.590137
0.801303 -0.481486 0.355084
0.801303 0.481486 0.355084
0.801645 -0.582429 -0.134695
0.801645 0.582429 -0.134695
0.802431 -0.583001 0.127335
0.802431 0.583001 0.127335
0.804211 -0.040684 0.592949
0.804211 0.040684 0.592949
0.808992 -0.587767 0.007938
0.808992 0.587767 0.007938
0.809272 -0.196412 -0.553625
0.809272 0.196412 -0.553625
0.809393 -0.065988 -0.583548
0.809393 0.065988 -0.583548
0.809800 -0.366070 -0.458494
0.809800 0.366070 -0.458494
0.810590 -0.271105 0.519081
0.810590 0.271105 0.519081
0.813321 -0.379128 0.441328
0.813321 0.379128 0.441328
0.815345 -0.541064 -0.206063
0.815345 0.541064 -0.206063
0.818052 -0.543832 0.187183
0.818052 0.543832 0.187183
0.820609 -0.408347 -0.399817
0.820609 0.408347 -0.399817
0.822619 0.259892 -0.505721
0.822619 -0.259892 -0.505721
0.823012 -0.496724 -0.275530
0.823012 0.496724 -0.275530
0.824181 0.000000 -0.566326
0.824339 -0.204454 0.527886
0.824339 0.204454 0.527886
0.826860 -0.448290 -0.339614
0.826860 0.448290 -0.339614
0.828074 -0.419800 0.371567
0.828074 0.419800 0.371567
0.829062 -0.502308 0.245648
0.829062 0.502308 0.245648
0.830511 -0.552885 0.067602
0.830511 0.552885 0.067602
0.830760 -0.131749 -0.540814
0.830760 0.131749 -0.540814
0.831094 -0.552510 -0.063363
0.831094 0.552510 -0.063363
0.833496 -0.314647 0.454182
0.833496 0.314647 0.454182
0.834206 -0.136840 0.534205
0.834206 0.136840 0.534205
0.837008 -0.457694 0.299889
0.837008 0.457694 0.299889
0.839369 -0.303833 -0.450716
0.839369 0.303833 -0.450716
0.840145 -0.068581 0.538008
0.840145 0.068581 0.538008
0.842128 -0.000000 0.539277
0.846742 -0.196015 -0.494577
0.846742 0.196015 -0.494577
0.847533 -0.513487 -0.134233
0.847533 0.513487 -0.134233
0.847678 -0.515107 0.126911
0.847678 0.515107 0.126911
0.848289 -0.065817 -0.525427
0.848289 0.065817 -0.525427
0.850773 -0.245622 0.464602
0.850773 0.245622 0.464602
0.850874 -0.356101 0.386270
0.850874 0.356101 0.386270
0.851723 -0.346184 -0.393350
0.851723 0.346184 -0.393350
0.852769 -0.522229 0.007913
0.852769 0.522229 0.007913
0.858195 -0.470965 -0.204187
0.858195 0.470965 -0.204187
0.859617 -0.386721 -0.333925
0.859617 0.386721 -0.333925
0.860404 -0.474630 0.185556
0.860404 0.474630 0.185556
0.861366 0.000000 -0.507985
0.862609 -0.395194 0.315796
0.862609 0.395194 0.315796
0.863009 -0.425233 -0.272750
0.863009 0.425233 -0.272750
0.863107 -0.178416 0.472455
0.863107 0.178416 0.472455
0.865906 -0.237163 -0.440410
0.865906 0.237163 -0.440410
0.866811 -0.131200 -0.481067
0.866811 0.131200 -0.481067
0.868622 -0.431666 0.243228
0.868622 0.431666 0.243228
0.870931 -0.288220 0.398005
0.870931 0.288220 0.398005
0.871606 -0.109734 0.477768
0.871606 0.109734 0.477768
0.871632 -0.485485 0.067543
0.871632 0.485485 0.067543
0.872197 -0.485028 -0.063401
0.872197 0.485028 -0.063401
0.876004 -0.041152 0.480545
0.876004 0.041152 0.480545
0.879878 -0.280253 -0.383763
0.879878 0.280253 -0.383763
0.882732 -0.065758 -0.465254
0.882732 0.065758 -0.465254
0.885545 -0.328864 0.328115
0.885545 0.328864 0.328115
0.885963 -0.443766 -0.134690
0.885963 0.443766 -0.134690
0.886121 -0.445667 0.127168
0.886121 0.445667 0.127168
0.886505 -0.218854 0.407692
0.886505 0.218854 0.407692
0.887326 -0.172457 -0.427680
0.887326 0.172457 -0.427680
0.889397 -0.322045 -0.324438
0.889397 0.322045 -0.324438
0.891249 -0.453447 0.007839
0.891249 0.453447 0.007839
0.893712 -0.399493 -0.204166
0.893712 0.399493 -0.204166
0.894320 -0.366697 0.256368
0.894320 0.366697 0.256368
0.894334 -0.361411 -0.263720
0.894334 0.361411 -0.263720
0.894427 0.000000 -0.447214
0.895991 -0.403528 0.185379
0.895991 0.403528 0.185379
0.897589 -0.150812 0.414234
0.897589 0.150812 0.414234
0.903429 -0.212856 -0.372167
0.903429 0.212856 -0.372167
0.904042 -0.260240 0.339092
0.904042 0.260240 0.339092
0.904369 -0.082045 0.418790
0.904369 0.082045 0.418790
0.904689 -0.106394 -0.412574
0.904689 0.106394 -0.412574
0.907429 -0.000000 0.420206
0.907532 0.414537 0.067411
0.907532 -0.414537 0.067411
0.908165 -0.413776 -0.063447
0.908165 0.413776 -0.063447
0.914686 -0.254974 -0.313587
0.914686 0.254974 -0.313587
0.915498 -0.299875 0.268212
0.915498 0.299875 0.268212
0.917598 -0.190942 0.348648
0.917598 0.190942 0.348648
0.917691 -0.040535 -0.395222
0.917691 0.040535 -0.395222
0.918777 -0.371233 -0.134294
0.918777 0.371233 -0.134294
0.918981 -0.373418 0.126623
0.918981 0.373418 0.126623
0.920174 -0.337724 0.198049
0.920174 0.337724 0.198049
0.921067 -0.295732 -0.253335
0.921067 0.295732 -0.253335
0.922195 -0.147223 -0.357605
0.922195 0.147223 -0.357605
0.922216 -0.334314 -0.194298
0.922216 0.334314 -0.194298
0.924192 -0.381849 0.007717
0.924192 0.381849 0.007717
0.927046 -0.122423 0.354400
0.927046 0.122423 0.354400
0.932050 -0.231538 0.278701
0.932050 0.231538 0.278701
0.933444 -0.041155 0.356355
0.933444 0.041155 0.356355
0.934939 -0.187133 -0.301448
0.934939 0.187133 -0.301448
0.936469 -0.080871 -0.341300
0.936469 0.080871 -0.341300
0.937479 -0.341483 0.067249
0.937479 0.341483 0.067249
0.938045 -0.340631 -0.063574
0.938045 0.340631 -0.063574
0.939547 -0.000000 -0.342421
0.939936 -0.269580 0.209398
0.939936 0.269580 0.209398
0.941760 -0.306468 0.138439
0.941760 0.306468 0.138439
0.943068 -0.228535 -0.241649
0.943068 0.228535 -0.241649
0.943890 -0.162030 0.287781
0.943890 0.162030 0.287781
0.944473 -0.304576 -0.123308
0.944473 0.304576 -0.123308
0.946177 -0.266884 -0.183092
0.946177 0.266884 -0.183092
0.950671 -0.120813 -0.285709
0.950671 0.120813 -0.285709
0.951396 -0.307879 0.007546
0.951396 0.307879 0.007546
0.953365 -0.081284 0.290669
0.953365 0.081284 0.290669
0.954797 -0.200617 0.219351
0.954797 0.200617 0.219351
0.956530 -0.000000 0.291634
0.957006 -0.040536 -0.287221
0.957006 0.040536 -0.287221
0.958562 -0.273772 0.078792
0.958562 0.273772 0.078792
0.959698 -0.237943 0.149542
0.959698 0.237943 0.149542
0.960226 -0.160164 -0.228722
0.960226 0.160164 -0.228722
0.960662 -0.272770 -0.052193
0.960662 0.272770 -0.052193
0.965088 -0.198732 -0.170617
0.965088 0.198732 -0.170617
0.965234 -0.236329 -0.111678
0.965234 0.236329 -0.111678
0.967874 -0.122495 0.219580
0.967874 0.122495 0.219580
0.969640 -0.080341 -0.230964
0.969640 0.080341 -0.230964
0.972548 -0.232573 0.007714
0.972548 0.232573 0.007714
0.972784 -0.000000 -0.231713
0.974283 -0.041207 0.221529
0.974283 0.041207 0.221529
0.975537 -0.160537 0.150184
0.975537 0.160537 0.150184
0.977102 -0.197576 0.078961
0.977102 0.197576 0.078961
0.977902 -0.120862 -0.170588
0.977902 0.120862 -0.170588
0.979099 -0.196609 -0.052060
0.979099 0.196609 -0.052060
0.980889 -0.159122 -0.111967
0.980889 0.159122 -0.111967
0.984244 -0.040572 -0.172096
0.984244 0.040572 -0.172096
0.985286 -0.082128 0.149888
0.985286 0.082128 0.149888
0.987751 -0.155844 0.007835
0.987751 0.155844 0.007835
0.988626 -0.000000 0.150396
0.989693 -0.119369 0.079115
0.989693 0.119369 0.079115
0.990457 -0.080928 -0.111562
0.990457 0.080928 -0.111562
0.991570 -0.118681 -0.051993
0.991570 0.118681 -0.051993
0.993716 -0.000000 -0.111929
0.996009 -0.041204 0.079179
0.996009 0.041204 0.079179
0.996909 -0.078161 0.007907
0.996909 0.078161 0.007907
0.997825 -0.040570 -0.051951
0.997825 0.040570 -0.051951
0.999969 -0.000000 0.007932
2562
